0.0 0.0
0.1 0.9949874371066174
0.2 1.4000000000000004
0.3 1.7058722109231972
0.4 1.9595917942265433
0.5 2.179449471770337
0.6 2.374868417407583
0.7 2.551470164434615
0.8 2.7129319932501073
0.9 2.861817604250837
1.0 3.0
1.1 3.1288975694324033
1.2 3.249615361854384
1.3 3.363034344160047
1.4 3.4698703145794942
1.5 3.570714214271425
1.6 3.6660605559646724
1.7 3.75632799419859
1.8 3.841874542459709
1.9 3.923009049186606
2.0 4.0
2.1 4.07308237088326
2.2 4.142463035441596
2.3 4.208325082500163
2.4 4.2708313008125245
2.5 4.330127018922194
2.6 4.386342439892262
2.7 4.439594576084623
2.8 4.48998886412873
2.9 4.537620521815371
3.0 4.58257569495584
3.1 4.624932431938871
3.2 4.664761515876241
3.3 4.702127178203499
3.4 4.737087712930804
3.5 4.769696007084728
3.6 4.8
3.7 4.828043081829325
3.8 4.853864439804639
3.9 4.877499359302879
4.0 4.898979485566356
4.1 4.918333050943175
4.2 4.935585071701226
4.3 4.950757517794625
4.4 4.963869458396343
4.5 4.9749371855331
4.6 4.983974317750845
4.7 4.990991885387112
4.8 4.995998398718719
4.9 4.998999899979995
5.0 5.0
5.1 4.998999899979995
5.2 4.995998398718719
5.3 4.990991885387112
5.4 4.983974317750845
5.5 4.9749371855331
5.6 4.963869458396343
5.7 4.950757517794625
5.8 4.935585071701226
5.9 4.918333050943175
6.0 4.898979485566356
6.1 4.877499359302879
6.2 4.853864439804639
6.3 4.828043081829325
6.4 4.8
6.5 4.769696007084728
6.6 4.737087712930805
6.7 4.702127178203499
6.8 4.664761515876241
6.9 4.624932431938871
7.0 4.58257569495584
7.1 4.537620521815372
7.2 4.48998886412873
7.3 4.439594576084623
7.4 4.386342439892261
7.5 4.330127018922194
7.6 4.2708313008125245
7.7 4.208325082500163
7.8 4.142463035441596
7.9 4.0730823708832595
8.0 4.0
8.1 3.9230090491866063
8.2 3.84187454245971
8.3 3.756327994198589
8.4 3.6660605559646715
8.5 3.570714214271425
8.6 3.4698703145794947
8.7 3.3630343441600483
8.8 3.2496153618543833
8.9 3.128897569432403
9.0 3.0
9.1 2.861817604250837
9.2 2.7129319932501086
9.3 2.5514701644346136
9.4 2.374868417407583
9.5 2.179449471770337
9.6 1.9595917942265433
9.7 1.7058722109232003
9.8 1.3999999999999977
9.9 0.9949874371066174
10.0 0.0
0.0 -0.0
0.1 -0.9949874371066174
0.2 -1.4000000000000004
0.3 -1.7058722109231972
0.4 -1.9595917942265433
0.5 -2.179449471770337
0.6 -2.374868417407583
0.7 -2.551470164434615
0.8 -2.7129319932501073
0.9 -2.861817604250837
1.0 -3.0
1.1 -3.1288975694324033
1.2 -3.249615361854384
1.3 -3.363034344160047
1.4 -3.4698703145794942
1.5 -3.570714214271425
1.6 -3.6660605559646724
1.7 -3.75632799419859
1.8 -3.841874542459709
1.9 -3.923009049186606
2.0 -4.0
2.1 -4.07308237088326
2.2 -4.142463035441596
2.3 -4.208325082500163
2.4 -4.2708313008125245
2.5 -4.330127018922194
2.6 -4.386342439892262
2.7 -4.439594576084623
2.8 -4.48998886412873
2.9 -4.537620521815371
3.0 -4.58257569495584
3.1 -4.624932431938871
3.2 -4.664761515876241
3.3 -4.702127178203499
3.4 -4.737087712930804
3.5 -4.769696007084728
3.6 -4.8
3.7 -4.828043081829325
3.8 -4.853864439804639
3.9 -4.877499359302879
4.0 -4.898979485566356
4.1 -4.918333050943175
4.2 -4.935585071701226
4.3 -4.950757517794625
4.4 -4.963869458396343
4.5 -4.9749371855331
4.6 -4.983974317750845
4.7 -4.990991885387112
4.8 -4.995998398718719
4.9 -4.998999899979995
5.0 -5.0
5.1 -4.998999899979995
5.2 -4.995998398718719
5.3 -4.990991885387112
5.4 -4.983974317750845
5.5 -4.9749371855331
5.6 -4.963869458396343
5.7 -4.950757517794625
5.8 -4.935585071701226
5.9 -4.918333050943175
6.0 -4.898979485566356
6.1 -4.877499359302879
6.2 -4.853864439804639
6.3 -4.828043081829325
6.4 -4.8
6.5 -4.769696007084728
6.6 -4.737087712930805
6.7 -4.702127178203499
6.8 -4.664761515876241
6.9 -4.624932431938871
7.0 -4.58257569495584
7.1 -4.537620521815372
7.2 -4.48998886412873
7.3 -4.439594576084623
7.4 -4.386342439892261
7.5 -4.330127018922194
7.6 -4.2708313008125245
7.7 -4.208325082500163
7.8 -4.142463035441596
7.9 -4.0730823708832595
8.0 -4.0
8.1 -3.9230090491866063
8.2 -3.84187454245971
8.3 -3.756327994198589
8.4 -3.6660605559646715
8.5 -3.570714214271425
8.6 -3.4698703145794947
8.7 -3.3630343441600483
8.8 -3.2496153618543833
8.9 -3.128897569432403
9.0 -3.0
9.1 -2.861817604250837
9.2 -2.7129319932501086
9.3 -2.5514701644346136
9.4 -2.374868417407583
9.5 -2.179449471770337
9.6 -1.9595917942265433
9.7 -1.7058722109232003
9.8 -1.3999999999999977
9.9 -0.9949874371066174
10.0 -0.0
