0.0 0.0
0.1 0.09983341664682815
0.2 0.19866933079506122
0.3 0.29552020666133955
0.4 0.3894183423086505
0.5 0.479425538604203
0.6 0.5646424733950354
0.7 0.644217687237691
0.8 0.7173560908995228
0.9 0.7833269096274834
1.0 0.8414709848078965
1.1 0.8912073600614354
1.2 0.9320390859672263
1.3 0.963558185417193
1.4 0.9854497299884601
1.5 0.9974949866040544
1.6 0.9995736030415051
1.7 0.9916648104524686
1.8 0.9738476308781951
1.9 0.9463000876874145
2.0 0.9092974268256817
2.1 0.8632093666488737
2.2 0.8084964038195901
2.3 0.7457052121767203
2.4 0.675463180551151
2.5 0.5984721441039565
2.6 0.5155013718214642
2.7 0.4273798802338298
2.8 0.3349881501559051
2.9 0.23924932921398243
3.0 0.1411200080598672
3.1 0.04158066243329049
3.2 -0.058374143427580086
3.3 -0.1577456941432482
3.4 -0.2555411020268312
3.5 -0.35078322768961984
3.6 -0.44252044329485246
3.7 -0.5298361409084934
3.8 -0.6118578909427189
3.9 -0.6877661591839738
4.0 -0.7568024953079282
4.1 -0.8182771110644103
4.2 -0.8715757724135882
4.3 -0.9161659367494549
4.4 -0.951602073889516
4.5 -0.977530117665097
4.6 -0.9936910036334644
4.7 -0.9999232575641008
4.8 -0.9961646088358407
4.9 -0.9824526126243325
5.0 -0.9589242746631385
5.1 -0.9258146823277325
5.2 -0.8834546557201531
5.3 -0.8322674422239013
5.4 -0.7727644875559871
5.5 -0.7055403255703919
5.6 -0.6312666378723216
5.7 -0.5506855425976376
5.8 -0.46460217941375737
5.9 -0.373876664830236
6.0 -0.27941549819892586
6.1 -0.18216250427209588
6.2 -0.0830894028174964
6.3 0.016813900484349713
6.4 0.11654920485049364
6.5 0.21511998808781552
6.6 0.31154136351337786
6.7 0.4048499206165983
6.8 0.49411335113860816
6.9 0.5784397643882001
