11.793862441960314
13.67114280282956
9.508893044006339
10.226924400661906
9.171440841157896
7.94321091753608
10.105692056651769
12.062000176940451
9.163833884194378
13.834569889434473
11.530033798801982
10.2264909878274
7.063753354975569
0.7922366196600201
7.28636274857223
10.358696079169482
9.484817945093544
7.117176861275306
7.401695170866335
12.341029896556737
12.351925794124805
17.329508672341035
7.831826938152103
14.267282554828029
16.84323866245247
8.402303620466267
10.13566524817433
1.5185075746411432
9.413383237672956
7.843246000547045
7.007168121612363
12.69671335469235
6.791593418163496
8.000795536611767
11.42877944809188
8.774315113549354
12.29698457787332
6.003328436185583
11.96594521376209
11.09378409221863
9.076272407214065
7.8902247168858555
10.214180760152214
7.804388686071125
13.174786221307036
9.27658541811409
5.341416725317505
12.519694617167374
6.955893211393714
9.830727810662061
9.148766945676659
10.254734869251097
13.230162033707327
8.358149735581438
8.753253175079566
9.122765940125563
13.853419566968746
6.377367580252186
6.3045174621316065
6.2950813820186164
9.930507174198784
14.118467533762276
10.396365104586309
9.492364225886707
11.407805098193855
11.0383835489081
12.455298375830687
14.146349746371461
9.345016171333924
9.30964190299685
8.010869203225136
10.856589044492814
9.285703840411129
3.6866571681591704
5.289616262516522
8.428212219153778
9.373820101845801
11.23042524641657
8.662348572089316
9.237818875986676
9.340241104750401
10.539456676071957
9.002593378359686
7.353698107708241
12.70967145921341
9.1633693417839
9.017118141546536
8.890023255165953
10.29974734233841
11.880970627224439
11.628027755260838
9.842583511607952
11.48501216592733
9.395918001900867
10.450087740341086
10.593909789878833
11.777556603618578
2.5490947296620705
11.193170318754106
11.442896239644723

