0.0 0.0
0.1 0.010000000000000002
0.2 0.04000000000000001
0.3 0.09
0.4 0.16000000000000003
0.5 0.25
0.6 0.36
0.7 0.48999999999999994
0.8 0.6400000000000001
0.9 0.81
1.0 1.0
1.1 1.2100000000000002
1.2 1.44
1.3 1.6900000000000002
1.4 1.9599999999999997
1.5 2.25
1.6 2.5600000000000005
1.7 2.8899999999999997
1.8 3.24
1.9 3.61
2.0 4.0
2.1 4.41
2.2 4.840000000000001
2.3 5.289999999999999
2.4 5.76
2.5 6.25
2.6 6.760000000000001
2.7 7.290000000000001
2.8 7.839999999999999
2.9 8.41
3.0 9.0
3.1 9.610000000000001
3.2 10.240000000000002
3.3 10.889999999999999
3.4 11.559999999999999
3.5 12.25
3.6 12.96
3.7 13.690000000000001
3.8 14.44
3.9 15.209999999999999
4.0 16.0
4.1 16.81
4.2 17.64
4.3 18.49
4.4 19.360000000000003
4.5 20.25
4.6 21.159999999999997
4.7 22.090000000000003
4.8 23.04
4.9 24.010000000000005
5.0 25.0
5.1 26.009999999999998
5.2 27.040000000000003
5.3 28.09
5.4 29.160000000000004
5.5 30.25
5.6 31.359999999999996
5.7 32.49
5.8 33.64
5.9 34.81
6.0 36.0
6.1 37.209999999999994
6.2 38.440000000000005
6.3 39.69
6.4 40.96000000000001
6.5 42.25
6.6 43.559999999999995
6.7 44.89
6.8 46.239999999999995
6.9 47.61000000000001
7.0 49.0
7.1 50.41
7.2 51.84
7.3 53.29
7.4 54.760000000000005
7.5 56.25
7.6 57.76
7.7 59.290000000000006
7.8 60.839999999999996
7.9 62.410000000000004
8.0 64.0
8.1 65.61
8.2 67.24
8.3 68.89000000000001
8.4 70.56
8.5 72.25
8.6 73.96
8.7 75.68999999999998
8.8 77.44000000000001
8.9 79.21000000000001
9.0 81.0
9.1 82.80999999999999
9.2 84.63999999999999
9.3 86.49000000000001
9.4 88.36000000000001
9.5 90.25
9.6 92.16
9.7 94.08999999999999
9.8 96.04000000000002
9.9 98.01
